128
128
128
127
126
126
128
129
129
131
137
147
125
82
110
129
86
153
136
107
192
92
171
152
83
204
58
174
131
73
202
50
176
134
71
208
51
172
152
60
217
50
155
167
49
217
71
113
196
32
203
118
71
222
48
142
184
28
205
116
59
227
64
114
219
35
164
186
25
192
148
27
209
120
35
217
108
40
221
108
40
221
124
36
217
158
33
201
196
30
153
217
37
74
226
93
37
213
193
27
116
228
85
39
207
204
32
72
231
165
23
108
233
135
24
126
233
133
23
113
234
160
24
78
228
198
40
42
191
227
119
26
80
224
214
64
27
113
226
209
61
25
106
220
223
93
26
63
192
236
170
52
26
95
212
226
163
46
32
85
202
228
188
77
30
51
139
217
220
172
66
35
48
130
203
226
193
115
46
35
66
138
212
217
202
132
59
37
49
83
176
211
217
200
149
67
45
42
60
109
185
210
215
202
168
94
55
42
47
64
109
172
204
214
209
191
155
96
61
44
44
55
80
123
171
196
209
211
202
181
145
98
71
56
50
51
61
78
112
153
180
193
199
198
194
185
170
145
113
88
74
67
65
67
73
81
93
109
126
142
156
165
171
174
175
173
170
164
158
149
141
133
126
121
116
112
109
105
103
100
98
97
97
98
99
102
105
109
113
117
121
124
128
131
133
135
138
140
141
143
145
147
148
149
150
151
151
150
150
149
147
146
144
142
140
138
136
134
132
130
129
127
126
124
123
122
121
120
119
118
117
116
115
115
114
114
113
113
113
113
113
113
113
113
113
113
114
114
115
115
116
116
117
118
119
120
120
121
122
123
124
125
126
127
128
129
130
131
132
133
134
135
135
136
137
137
138
139
139
140
140
140
141
141
141
141
142
142
142
142
142
142
142
142
141
141
141
141
140
140
140
139
139
139
138
138
137
137
136
136
135
135
134
133
133
132
132
131
130
129
129
128
127
126
126
125
124
123
123
122
121
121
120
119
119
118
117
117
116
116
115
115
115
114
114
114
113
113
113
113
113
113
113
113
113
113
113
113
113
113
114
114
114
114
115
115
115
116
116
116
117
117
118
118
119
119
120
120
121
121
122
122
123
123
124
125
125
126
126
127
128
128
129
129
130
131
131
132
133
133
134
134
135
135
136
136
137
137
137
138
138
138
139
139
139
139
140
140
140
140
140
140
140
140
140
140
140
140
140
140
140
140
139
139
139
139
139
138
138
138
138
137
137
137
137
136
136
136
135
135
135
134
134
133
133
133
132
132
131
131
131
130
130
129
129
129
128
128
128
127
127
126
126
126
126
125
125
125
125
124
124
124
124
124
124
123
123
123
123
123
123
123
123
123
123
123
123
123
123
123
123
123
123
124
124
124
124
124
124
124
124
125
125
125
125
125
125
126
126
126
126
126
127
127
127
127
128
128
128
128
128
129
129
129
129
129
130
130
130
130
130
130
131
131
131
131
131
131
131
131
131
131
131
131
132
132
132
132
132
131
131
131
131
131
131
131
131
131
131
131
131
131
131
130
130
130
130
130
130
130
130
129
129
129
129
129
129
129
128
128
128
128
128
128
127
127
127
127
127
127
126
126
126
126
126
126
126
126
125
125
125
125
125
125
125
125
125
125
125
125
125
125
125
125
125
125
125
125
125
125
125
125
125
125
125
125
125
125
125
125
125
125
125
125
126
126
126
126
126
126
126
126
126
126
126
127
127
127
127
127
127
127
127
127
127
128
128
128
128
128
128
128
128
128
128
128
129
129
129
129
129
129
129
129
129
129
129
129
129
129
129
129
129
129
129
129
129
129
129
129
129
129
129
129
129
129
129
129
129
129
129
129
128
128
128
128
128
128
128
128
128
128
128
128
128
128
128
128
128
128
128
127
127
127
127
127
127
127
127
127
127
127
127
127
127
127
127
127
127
127
127
127
127
127
127
127
127
127
127
127
127
127
127
127
127
127
127
127
127
127
127
127
127
127
127
127
127
127
127
127
127
127
127
127
127
127
127
127
127
128
128
128
128
128
128
128
128
128
128
128
128
128
128
128
128
128
128
128
128
128
128
128
128
128
